8.899009108197377671e-01
9.089908990899089325e-01
8.808928035231707865e-01
8.802521008403361158e-01
8.999498746867167220e-01
8.503401360544218246e-01
8.806880688068808860e-01
8.949373433583960313e-01
8.696869686968695667e-01
8.873986587929135750e-01
9.260150375939849576e-01
9.367747098839535047e-01
8.862906463267764545e-01
8.954326923076921796e-01
8.896593307205306056e-01
8.673510466988728629e-01
8.841830590124448719e-01
8.787969924812029099e-01
8.730969551282050656e-01
8.493303571428572063e-01
8.911111111111111871e-01
8.831521739130434590e-01
9.045618247298919945e-01
9.082504270927546086e-01
9.076999999999999513e-01
8.686359512047586717e-01
8.944829665360265469e-01
8.808080808080808177e-01
9.147594344420709733e-01
9.088541666666667407e-01
8.870000000000000107e-01
8.681818181818182767e-01
8.928035231708536523e-01
8.750875788209387940e-01
9.436591478696741975e-01
9.118681539543763703e-01
9.108000000000000540e-01
8.478195488721804729e-01
9.039615846338536764e-01
9.034903490349035504e-01
8.877203525641026438e-01
8.991919191919192089e-01
8.814999999999999503e-01
9.195413961038960693e-01
8.754879391452307091e-01
8.712871287128711728e-01
9.030612244897959773e-01
9.333735302984627058e-01
9.108293075684380513e-01
8.512645523885989940e-01
8.440376150460184856e-01
9.053361471208922762e-01
8.894557823129252139e-01
8.635772194975477323e-01
9.069440257260577010e-01
8.975360576923077094e-01
9.057644110275689942e-01
8.986378205128205954e-01
8.744849763842827972e-01
8.482351744481743117e-01
9.002101891702531944e-01
8.998590982286633899e-01
8.930000000000000160e-01
9.148936170212766950e-01
9.088541666666666297e-01
9.196678671468586641e-01
8.935893589358936406e-01
8.785225442834138088e-01
9.189434418792217230e-01
8.275966183574878787e-01
9.092182964668201750e-01
9.183959899749373212e-01
9.012681159420289356e-01
9.071907190719071812e-01
9.062999999999999945e-01
8.496587715776796612e-01
8.632452981192477726e-01
8.932573029211684501e-01
8.770909832721338617e-01
8.789515806322528713e-01
8.846884688468846791e-01
8.728000000000000203e-01
9.086601471922572948e-01
8.989999999999999103e-01
8.798076923076922906e-01
9.107643057222888361e-01
8.673954853730134751e-01
8.557000000000000162e-01
8.872985687118406517e-01
9.241268566840626919e-01
8.722956730769230171e-01
9.113911391139114526e-01
9.054802955665024466e-01
8.703481392557023133e-01
9.023120808727854714e-01
8.968421052631578849e-01
8.659855769230769829e-01
8.947579031612646894e-01
8.955539872971065574e-01
9.023609443777511618e-01
9.141687979539642184e-01
8.930572228891556774e-01
8.822865353037767644e-01
9.192982456140350589e-01
9.319931993199319642e-01
8.732873287328732914e-01
9.080690485748695862e-01
8.719871987198720698e-01
8.192431561996778022e-01
9.504206730769231282e-01
8.855970373336004009e-01
9.249286005711954139e-01
9.414141414141414810e-01
8.772509003601440813e-01
9.035087719298243725e-01
8.374597423510466987e-01
9.117676615415536423e-01
8.644016533924790968e-01
8.718846962266038059e-01
8.845443349753694395e-01
8.851650563607085243e-01
8.877551020408163129e-01
8.843599033816424981e-01
8.720488195278111032e-01
9.032451923076922906e-01
8.465571126121584911e-01
8.729872987298731291e-01
9.142228005204684482e-01
8.584735576923075984e-01
8.117246898759504781e-01
8.828946051446302512e-01
9.052323822966024114e-01
9.158915891589158864e-01
9.065504807692307265e-01
8.995959595959596156e-01
8.898008207386648438e-01
8.866165413533835249e-01
8.836576267768928572e-01
9.065255731922399196e-01
9.006956346405888825e-01
9.059623849539815144e-01
8.761616161616160303e-01
8.787878787878787845e-01
8.894074675324675772e-01
8.771045468293174885e-01
8.869999999999998996e-01
8.670803723351016012e-01
9.306265664160401352e-01
8.941894189418941874e-01
9.335338345864661047e-01
9.084585139631010664e-01
8.781954887218045291e-01
8.656791112000801203e-01
9.072661581694098087e-01
9.125212691422279754e-01
8.823057644110274822e-01
8.664455833584564504e-01
8.720637161004134441e-01
8.447516025641027548e-01
8.900000000000000133e-01
9.083174857371634214e-01
9.087719298245614530e-01
8.860772255267668207e-01
8.655790211190070860e-01
8.637825500570599502e-01
8.694911858974359031e-01
8.950580232092836264e-01
9.006130037182192849e-01
9.139903653151344454e-01
8.909563825530212311e-01
8.818429277144872458e-01
9.023213747362073267e-01
8.830000000000000071e-01
8.745864661654135785e-01
8.543864938197167636e-01
8.797449134527787207e-01
9.024902490249024911e-01
8.447424135497529907e-01
8.988471177944862278e-01
8.998590982286633899e-01
9.155889724310776190e-01
9.240100250626566147e-01
8.834533813525410340e-01
8.802880288028803735e-01
8.710748792270530672e-01
8.896233974358974672e-01
8.789066425484874934e-01
8.978321959052588674e-01
8.719487795118048279e-01
9.038461538461538547e-01
8.914565826330531628e-01
9.107572115384614531e-01
9.007648953301128358e-01
8.709774436090225169e-01
8.962065859273345980e-01
9.056641604010025048e-01
8.800329523221088746e-01
8.816000000000000503e-01
8.838955059553598170e-01
9.013605442176870763e-01
8.867187500000000000e-01
8.532194079951174182e-01
8.926892689268925984e-01
8.800732377174245169e-01
8.443107769423557896e-01
9.170917091709172020e-01
9.076522435897435015e-01
8.919298245614035725e-01
9.060154138724851869e-01
8.809094551282050656e-01
8.734975961538462563e-01
9.106642657062825608e-01
8.940886699507389901e-01
8.864734299516907612e-01
9.187264774692299740e-01
8.705716586151367453e-01
8.739983974358973562e-01
9.250325292763488250e-01
8.848539415766306648e-01
9.224207145724608869e-01
8.777877787778778362e-01
8.821052631578948366e-01
9.010101010101010388e-01
8.764552388598956245e-01
8.645781203082774091e-01
8.424236314144571969e-01
8.653999999999999471e-01
8.869172932330826598e-01
9.239842726081258784e-01
8.845884588458845510e-01
9.154238814933440826e-01
8.821457326892109263e-01
9.025041050903119810e-01
9.123809523809524036e-01
8.949275362318841465e-01
8.812525010004002013e-01
8.759534323564833747e-01
8.904999999999999583e-01
9.008000000000000451e-01
8.705870587058704979e-01
8.712364512244078485e-01
8.747869674185462241e-01
8.914285714285714590e-01
8.913891389138914878e-01
8.624354691770421688e-01
9.138595779220780591e-01
8.755032206119163218e-01
8.631202046035805209e-01
8.701754385964912686e-01
9.327731092436973848e-01
8.584943639291464645e-01
9.206730769230767608e-01
9.258022067010830414e-01
8.671549181161631870e-01
8.760537936571658468e-01
9.059623849539816254e-01
8.782904614152737821e-01
9.269999999999999352e-01
8.753501400560224077e-01
9.104641856742696771e-01
8.914869926105882803e-01
8.916290726817042156e-01
9.341774696010450851e-01
8.630428180989979658e-01
9.011033505415526612e-01
8.343337334933973448e-01
9.012419871794871140e-01
8.794853018098127695e-01
8.717948717948716952e-01
8.459595959595959114e-01
8.731884057971015523e-01
9.056622649059623553e-01
9.165248723851466828e-01
8.493849384938494396e-01
8.832736572890025339e-01
8.835292935383379787e-01
9.118827780008028627e-01
8.887555022008802874e-01
9.201722756410256610e-01
8.895331095514189546e-01
9.038134320888799866e-01
8.545692431561996427e-01
9.334935897435897578e-01
9.060651629072681290e-01
9.095982142857143016e-01
8.484299516908213601e-01
8.845884588458845510e-01
8.907890789078907190e-01
9.003153290611332071e-01
8.752029220779220520e-01
9.152298850574712707e-01
8.855542216886755913e-01
8.687868786878687466e-01
9.274185463659148088e-01
8.991091982784505943e-01
9.121376811594201772e-01
8.895005504954458520e-01
8.889999999999999014e-01
8.592999999999999527e-01
8.583999999999999408e-01
8.912891289128913597e-01
8.773737373737374723e-01
8.801328502415458610e-01
8.524071807425539493e-01
8.730780826047632726e-01
8.885888588858886772e-01
9.105113636363636465e-01
8.956320450885667528e-01
8.870000000000000107e-01
8.849637681159420177e-01
8.794369645042838801e-01
8.746487354476114584e-01
8.924892489248924532e-01
9.087964368863244990e-01
8.896058070369997628e-01
9.145914591459145537e-01
9.086445012787723874e-01
8.954326923076922906e-01
9.262336102492243484e-01
8.825062656641604608e-01
9.021000000000000130e-01
9.099559294871794046e-01
8.978446115288221119e-01
8.561795491143318060e-01
9.037737768284000994e-01
9.044139725753177483e-01
9.114661843030851252e-01
8.974747474747475362e-01
8.901010909818837247e-01
9.065656565656565746e-01
8.728422320353271813e-01
8.766559614612604578e-01
9.233038348082595048e-01
9.104777197912484743e-01
9.138017945357396199e-01
8.776009791921663972e-01
8.864435735101999780e-01
9.278711484593837877e-01
8.856971274146732132e-01
9.110642146517937690e-01
9.083174857371634214e-01
9.042413199716570205e-01
9.133454106280193274e-01
9.073067632850241315e-01
9.143547709121480072e-01
8.728491396558623050e-01
9.191979949874687916e-01
8.885514728211357793e-01
9.035527900441588933e-01
8.794517807122849140e-01
9.047619047619047672e-01
8.695739348370927768e-01
8.909293831168829669e-01
8.627057406663990458e-01
8.560856085608561372e-01
8.985026630489397759e-01
8.814657353983197385e-01
8.738000000000000211e-01
8.649624060150377103e-01
9.066906690669066515e-01
8.731433159373744868e-01
9.193984962406014372e-01
8.885213032581453785e-01
8.691869186918691481e-01
8.709742351046699804e-01
8.798997493734335151e-01
9.086999999999999522e-01
8.776999999999999247e-01
8.635489422006276117e-01
8.647129666800481562e-01
9.232291666666667673e-01
8.955895589558955372e-01
8.891030844155843882e-01
9.146803069053708324e-01
8.959253311922923402e-01
8.542191753200928384e-01
8.888220551378446244e-01
9.066159543589229486e-01
8.772987639433222906e-01
8.895933977455715569e-01
8.788878887888788016e-01
9.167916791679168176e-01
8.366346538615446748e-01
8.385186672019269150e-01
9.016179278464476754e-01
9.095909590959097013e-01
9.009000000000000341e-01
9.247796474358974672e-01
8.862999999999999767e-01
8.723809523809523681e-01
9.045449944326348080e-01
8.887882447665056418e-01
8.718339945071711394e-01
9.033262988644357172e-01
8.823941547392655238e-01
8.956060454408967253e-01
8.965274989963870622e-01
9.111805625567094280e-01
9.104447164422684313e-01
9.087999999999999412e-01
9.430487438694825642e-01
9.013164506079790472e-01
9.167263427109973994e-01
8.768876887688767940e-01
9.142657062825129133e-01
8.867924528301887044e-01
8.526000000000000245e-01
9.142914291429142803e-01
8.731873187318732743e-01
8.700830747672906318e-01
8.781000000000001027e-01
8.641826923076922906e-01
8.629807692307692735e-01
8.960431288780388304e-01
9.140914091409141351e-01
9.217295566009408025e-01
9.152915291529153397e-01
9.053592934564431705e-01
9.150943396226414173e-01
9.047571256523484484e-01
8.849104859335038542e-01
8.596859685968598619e-01
9.226065162907269857e-01
8.921999999999999931e-01
8.783513405362144422e-01
8.760884796316685819e-01
9.051932367149758685e-01
9.288220551378445489e-01
8.450125313283207706e-01
8.586466165413533247e-01
8.914205060994051522e-01
8.979366987179487891e-01
8.883982336411079261e-01
9.303357193265451297e-01
9.010149733695106411e-01
8.990091081973776710e-01
8.869845750579695709e-01
8.748869460355743755e-01
9.197287174815265143e-01
8.885888588858886772e-01
8.591191130098666529e-01
8.843633430789393790e-01
9.103740296400846255e-01
8.804010025062656286e-01
9.199116820553995266e-01
9.128822055137844060e-01
8.880884740259741283e-01
8.884888488848885491e-01
9.363000000000000211e-01
9.121147390906317876e-01
9.002101891702531944e-01
9.000600240096038318e-01
9.025563909774436677e-01
8.860886088608861400e-01
8.989898989898991166e-01
8.697236562405101790e-01
8.981082974677209174e-01
8.837139423076922906e-01
8.913087113608992862e-01
9.322916666666666297e-01
8.809164908049441634e-01
8.771982715304993405e-01
8.711563665692105829e-01
9.020202020202022775e-01
9.096741854636591906e-01
9.086716791979950747e-01
8.946578631452580810e-01
9.001503759398495896e-01
8.863910076274588157e-01
9.181161631573594439e-01
8.883995596036432518e-01
8.790879087908790579e-01
8.865979381443298557e-01
9.092733841830590302e-01
8.904054596547571476e-01
8.948370927318295420e-01
9.417767106842737102e-01
8.536340852130325230e-01
8.657575757575757258e-01
8.958396907740819870e-01
9.209683873549419086e-01
8.932770575821524783e-01
8.735353535353536092e-01
9.196060697417344221e-01
8.826776395022081223e-01
8.618861886188620147e-01
8.447424135497531017e-01
9.140226203583224907e-01
9.014536340852129515e-01
8.665000000000000480e-01
8.783000000000000806e-01
8.923900731129645880e-01
8.985507246376810420e-01
8.700321156162182934e-01
8.788972431077693992e-01
9.147869674185463706e-01
8.875757575757575735e-01
8.923498376623377748e-01
8.970426065162906415e-01
8.897661706650470403e-01
8.802298618812381958e-01
8.803224472922694943e-01
8.901253132832080972e-01
9.098989898989899849e-01
8.879509597025423417e-01
9.336750075369310009e-01
9.183693910256409687e-01
8.904632700231133180e-01
9.015082498228565999e-01
9.022999999999999909e-01
8.742816816211311792e-01
9.039217663070874265e-01
9.255319148936169693e-01
9.271959633405417733e-01
9.047906602254428554e-01
8.863181089743589203e-01
8.928571428571429047e-01
8.600571195430437577e-01
9.002506265664159679e-01
8.400040326645830113e-01
8.890889088908889848e-01
9.037282685157269624e-01
9.143062397372742067e-01
8.690821739565608439e-01
9.269831730769230171e-01
8.640992035487449208e-01
9.167250525472925293e-01
8.779046474358973562e-01
8.919027124411970098e-01
9.031578947368421595e-01
8.968285828984343677e-01
8.999898775179673294e-01
8.800920828745870672e-01
9.122649059623849643e-01
8.848120300751880496e-01
9.167001204335608611e-01
9.032581453634085378e-01
8.849000000000000199e-01
8.847058823529411198e-01
8.695000000000000506e-01
9.057607386591729481e-01
9.183693910256409687e-01
8.941425546930134027e-01
9.305263157894736459e-01
8.797680805614891408e-01
8.626566416040100105e-01
8.998886526976415112e-01
8.953523540679504400e-01
9.066999999999999504e-01
8.822115384615384359e-01
8.898382667073543306e-01
8.662000000000000810e-01
9.231232436772379701e-01
9.009415064102563875e-01
8.909293831168831890e-01
8.515851585158513704e-01
8.726851851851851194e-01
8.483393357342936536e-01
8.662626262626261786e-01
8.799000000000000155e-01
9.247290244881575250e-01
8.990999999999998993e-01
8.952581032412965101e-01
8.726999999999999202e-01
9.071156420554011834e-01
8.700633102200783231e-01
8.879927412037503798e-01
9.012531328320801949e-01
9.007964512551668301e-01
8.931572629051620638e-01
8.820999999999999952e-01
8.732859573616255089e-01
8.476660953725174696e-01
8.860708534621577481e-01
8.877192982456140191e-01
9.037133420078070634e-01
8.766000000000000458e-01
8.771577679646729298e-01
8.914022620358322824e-01
8.717481526470289843e-01
8.967551622418878932e-01
8.794000000000000705e-01
8.991899189918991508e-01
8.686868686868687295e-01
8.663797417675908052e-01
8.655394524959741931e-01
9.188701923076922906e-01
8.864545818327330684e-01
9.041616646658662271e-01
8.866999999999999327e-01
9.114786967418545549e-01
9.271927192719272570e-01
8.911180562556709761e-01
8.454609148233410698e-01
8.623342443567162396e-01
9.118357487922705840e-01
8.884141999796562050e-01
8.908890889088908471e-01
8.884210526315790002e-01
8.705764411027570038e-01
8.867167919799499032e-01
8.595753205128204844e-01
9.203095166314942954e-01
8.796879687968794936e-01
8.837816138097149832e-01
8.865546218487394547e-01
8.939130434782609491e-01
9.197109594540343602e-01
8.619191919191918627e-01
8.848674261518297834e-01
8.990476190476189844e-01
8.832798073063027333e-01
8.997493734335840765e-01
8.967418546365915066e-01
9.018181818181818521e-01
8.998098288459612792e-01
9.226303673305974451e-01
8.972678697449339991e-01
8.878195488721805084e-01
8.772877287728773066e-01
9.029447115384615641e-01
9.011997177134791759e-01
8.784054487179486781e-01
9.208920892089209609e-01
8.353287337662338441e-01
8.841000000000001080e-01
8.573007737915787629e-01
8.819214149331725539e-01
8.676883012820512109e-01
8.953895389538953919e-01
9.166917293233081132e-01
9.307607275650687795e-01
8.817431561996779132e-01
8.964928147924832169e-01
8.907251602564102422e-01
8.962896289628962121e-01
9.109643857543017198e-01
9.188218390804596680e-01
9.189080690485749159e-01
8.634259259259259300e-01
8.808880888088809202e-01
8.846153846153845812e-01
9.195713141025640969e-01
9.006984512602490556e-01
8.935999999999999499e-01
9.120208187368632480e-01
8.860606060606061041e-01
9.021119007106395138e-01
9.057607386591730592e-01
9.030000000000000249e-01
9.532579321389249571e-01
8.733834586466164840e-01
8.899238782051283048e-01
9.140914091409141351e-01
8.637278582930757453e-01
9.102910291029102652e-01
9.080701754385964719e-01
8.964271376957047011e-01
8.741469289441990975e-01
8.948370927318294310e-01
8.858543417366946393e-01
8.931000000000000050e-01
8.707870787078707542e-01
9.038538739462063099e-01
9.047619047619047672e-01
8.973589435774309564e-01
8.682326847464461039e-01
8.411364545818328375e-01
8.864160401002506573e-01
8.651842948717949344e-01
9.251999999999999114e-01
9.309617123907144576e-01
8.834085213032579764e-01
8.538415366146457908e-01
8.485213032581453430e-01
9.079686872741871140e-01
8.640104375752709620e-01
8.661999999999999700e-01
9.060618225612203647e-01
9.167999999999998373e-01
9.101597829363882175e-01
9.078170353317985830e-01
8.715486194477791715e-01
8.930037033329996099e-01
9.332594011493093866e-01
9.439412238325280979e-01
9.057575757575756503e-01
9.163882984107702967e-01
8.513871889024887674e-01
8.950259383582546135e-01
8.639863986398639284e-01
9.024121709538585057e-01
8.532810772786654230e-01
9.205682272909163633e-01
9.086634653861545008e-01
8.984021706361169368e-01
8.941814892975579188e-01
8.772895606045439942e-01
8.625201288244765951e-01
8.907890789078907190e-01
8.790911820638575014e-01
8.759014423076921796e-01
8.927318295739347098e-01
9.152915291529152286e-01
8.810881088108810655e-01
9.285932255111383204e-01
9.127725856697819218e-01
8.795664391810515959e-01
8.762876287628763583e-01
8.557000000000000162e-01
9.170692431561996427e-01
9.093196457326891968e-01
8.862179487179486781e-01
9.070076726342711781e-01
9.342424242424242076e-01
9.060496794871795156e-01
8.652844551282051766e-01
8.793068910256411908e-01
8.675689223057644339e-01
9.086868686868686540e-01
8.993924415611161960e-01
8.939805044719124627e-01
8.789000000000000146e-01
8.670676691729323204e-01
8.877499748768968857e-01
8.655790211190070860e-01
9.091923701298700866e-01
9.158653846153845812e-01
9.001900190019000991e-01
8.560338743824983387e-01
8.782617422721797906e-01
8.846469622331690763e-01
8.764505802320927685e-01
8.535682113902511858e-01
9.154915491549154849e-01
9.164916491649165442e-01
8.864160401002506573e-01
9.041904190419041143e-01
9.276190476190476764e-01
8.492613807657520830e-01
8.841536614645857384e-01
8.937795196462666736e-01
8.868170426065162815e-01
9.360401002506265611e-01
8.923277243589744501e-01
8.931159420289855877e-01
8.723489395758303733e-01
8.983898389838984588e-01
9.273439855290925848e-01
8.853968571714543323e-01
8.989898989898988946e-01
9.509597025424579853e-01
9.121537825547745282e-01
9.138847117794485220e-01
9.073907390739074375e-01
9.001915515676985891e-01
8.875968992248062239e-01
8.781452922077922496e-01
8.883888388838884209e-01
9.161983139301485002e-01
9.208589575562052820e-01
8.841536614645858494e-01
8.833883388338832354e-01
8.818527410964386304e-01
8.689868986898690029e-01
8.849548440065682087e-01
8.839823364110798165e-01
8.639823717948718063e-01
9.037373737373737281e-01
9.205105014571399735e-01
9.084704937775993638e-01
9.201002506265664183e-01
8.745871284155739556e-01
8.454527243589743390e-01
9.209288359523571943e-01
9.030248216259672001e-01
8.923892389238924361e-01
9.366936693669366543e-01
8.904000000000000803e-01
8.941223832528180093e-01
8.675191815856777566e-01
8.707999999999999075e-01
8.740985576923077094e-01
8.764000000000000679e-01
8.844605475040256959e-01
8.681818181818181657e-01
9.001402243589744501e-01
9.126262626262626743e-01
9.229922992299229856e-01
9.076691729323308477e-01
8.857142857142857872e-01
9.405438311688312236e-01
9.119591346153844702e-01
8.709838854969472743e-01
8.962445591659075061e-01
8.870887088708869772e-01
8.983340024086712283e-01
9.034130717645882935e-01
8.941999999999999948e-01
9.026610644257703209e-01
8.647619047619047317e-01
9.286858974358974672e-01
8.875953432356482597e-01
8.649381971661138646e-01
8.825483091787439394e-01
9.248916221393285175e-01
8.945578231292516946e-01
8.892557022809123302e-01
8.530303030303030276e-01
8.930893089308931110e-01
9.208000000000000629e-01
9.097187468721850134e-01
9.019999999999999130e-01
8.808020050125313638e-01
9.059495192307692735e-01
8.784624648735447350e-01
8.689123376623377748e-01
9.327579285427539668e-01
9.101123595505616892e-01
8.433039781354387809e-01
9.078170353317985830e-01
8.986087478730857558e-01
8.831313131313131004e-01
9.037593984962406513e-01
8.799115666767158839e-01
8.934368383909667699e-01
9.108771929824561742e-01
8.783878387838782720e-01
8.253535353535352836e-01
8.747838470145458123e-01
8.855676328502416483e-01
9.083838383838382935e-01
8.693675072343943766e-01
9.108573717948718063e-01
8.971962616822429792e-01
9.139913991399138959e-01
8.693999999999999506e-01
9.074867401060792149e-01
8.662796516865178820e-01
8.823051948051948701e-01
8.950859210129633592e-01
8.962597035991533012e-01
8.589975845410627864e-01
9.026217228464419318e-01
9.163541666666666918e-01
8.688126328575767054e-01
8.597493734335839299e-01
9.318386547893103833e-01
9.106570512820513219e-01
8.723832528180354151e-01
8.831532613045217639e-01
9.104910491049106325e-01
9.054636591478697483e-01
8.645024700070572665e-01
9.193273946551896447e-01
8.846153846153844702e-01
8.626566416040100105e-01
8.980475040257649422e-01
8.454135338345865058e-01
8.944444444444445974e-01
8.778602970694500129e-01
8.783143462042545258e-01
9.149874686716793493e-01
9.041302381670183186e-01
9.035184998487753028e-01
9.199116820553995266e-01
8.396007662062708876e-01
8.631810897435897578e-01
8.610444177671068289e-01
8.252818035426729981e-01
9.037133420078070634e-01
8.777877787778778362e-01
8.839823364110798165e-01
8.804040404040405221e-01
9.052621048419368099e-01
8.948053247923131170e-01
9.027611044417767072e-01
8.732832080200501057e-01
9.169309462915600228e-01
8.690330477356180694e-01
8.818438003220611110e-01
8.693598633303184497e-01
8.736873687368738040e-01
8.983373397435899799e-01
8.739873987398739663e-01
9.020902090209020896e-01
9.095909590959095903e-01
8.820050125313283473e-01
8.794987468671680020e-01
9.048143328996096635e-01
8.842437188485403610e-01
9.215745192307692735e-01
8.604160385890864404e-01
8.908253205128205954e-01
8.903206168831169220e-01
9.122649059623849643e-01
9.147824339262385918e-01
8.972300281011642564e-01
8.815526210484194714e-01
9.124912491249124180e-01
9.092548076923077094e-01
8.812399355877615914e-01
8.935376550055449396e-01
9.077679646728221696e-01
9.238257727820152754e-01
8.932967144746211119e-01
8.989898989898990056e-01
8.826262626262625366e-01
9.261380765752185162e-01
8.595008051529789972e-01
8.766917293233082997e-01
8.985000000000000764e-01
8.787878787878788955e-01
8.766999999999999238e-01
9.002900290029001162e-01
8.999488491048593941e-01
8.295272435897435015e-01
9.138655462184873679e-01
9.264337904113703059e-01
8.630150958792329741e-01
8.260606060606061618e-01
8.880992893604243710e-01
8.744874487448743849e-01
8.288133884464160550e-01
8.905365049943362310e-01
8.858585858585859008e-01
9.034090909090909394e-01
9.342948717948718063e-01
8.885858585858587011e-01
8.930000000000000160e-01
9.129912991299130587e-01
8.988595438175270846e-01
8.801686069851465399e-01
8.839142628205128860e-01
8.853541416566627076e-01
9.008603441376551446e-01
8.939575830332133766e-01
9.124296675191815309e-01
8.994486215538846086e-01
8.785919540229883973e-01
9.083709273182957178e-01
8.707769423558897603e-01
8.782904614152736711e-01
9.019607843137253944e-01
8.692632850241545084e-01
8.901098901098901672e-01
8.879991992793514477e-01
8.879551820728290856e-01
9.019901990199020725e-01
8.976897689768976729e-01
9.069162246021420515e-01
9.161245120608548786e-01
9.135889201124046677e-01
8.847666095372517248e-01
8.699869986998700622e-01
8.621212121212121771e-01
8.982011858104712587e-01
8.954951298701299134e-01
9.321533923303834124e-01
9.204283855469923559e-01
9.197000000000000730e-01
8.870548219287714975e-01
9.000501253132831003e-01
9.130434782608695121e-01
8.906562625050019610e-01
8.721397029305499871e-01
8.914285714285713480e-01
8.799678843837817066e-01
9.410941094109411820e-01
9.028902890289027816e-01
8.584461152882205681e-01
8.797680805614892519e-01
8.795289855072463414e-01
8.889888988898888567e-01
8.564856485648565387e-01
8.739495798319328879e-01
8.839312631896292238e-01
8.645833333333332593e-01
9.016029841717915216e-01
8.495799169956472774e-01
8.776041666666667407e-01
8.944829665360264359e-01
8.836576267768928572e-01
9.038287609285498014e-01
9.106570512820512109e-01
8.898408812729498019e-01
8.994070947643452163e-01
9.011901190119011584e-01
9.021994884910484735e-01
9.088976617066504282e-01
8.894004604143729287e-01
8.797671617824167623e-01
8.970293054997993121e-01
8.795657467532467244e-01
8.991999999999999993e-01
8.750000000000000000e-01
8.879887988798880194e-01
8.974782968168665276e-01
8.912845429699361999e-01
8.825252525252526015e-01
